0.0977878 3.19558
0.799805 4.59961
0.507507 4.01501
0.70633 4.41266
0.315498 3.631
0.925936 4.85187
0.923361 4.84672
0.627577 4.25515
0.0270982 3.0542
0.977723 4.95545
0.291227 3.58245
0.363418 3.72684
0.412569 3.82514
0.111999 3.224
0.367496 3.73499
0.8742 4.7484
0.298464 3.59693
0.18463 3.36926
0.0374456 3.07489
0.548191 4.09638
0.502346 4.00469
0.273619 3.54724
0.552689 4.10538
0.952988 4.90598
0.730799 4.4616
0.438719 3.87744
0.374746 3.74949
0.942007 4.88401
0.116807 3.23361
0.800912 4.60182
0.732574 4.46515
0.794024 4.58805
0.740564 4.48113
0.971937 4.94387
0.347886 3.69577
0.866184 4.73237
0.255938 3.51188
0.449082 3.89816
0.173777 3.34755
0.0252629 3.05053
0.56678 4.13356
0.898232 4.79646
0.295442 3.59088
0.485261 3.97052
0.0353111 3.07062
0.802646 4.60529
0.49598 3.99196
0.300657 3.60131
0.247357 3.49471
0.872464 4.74493
0.993223 4.98645
0.777583 4.55517
0.259942 3.51988
0.408251 3.8165
0.648802 4.2976
0.740404 4.48081
0.860732 4.72146
0.867592 4.73518
0.145311 3.29062
0.744486 4.48897
0.614691 4.22938
0.917199 4.8344
0.0347667 3.06953
0.205661 3.41132
0.213919 3.42784
0.601997 4.20399
0.212179 3.42436
0.624174 4.24835
0.580495 4.16099
0.572306 4.14461
0.885577 4.77115
0.660673 4.32135
0.220596 3.44119
0.653052 4.3061
0.380868 3.76174
0.0604624 3.12092
0.372322 3.74464
0.994143 4.98829
0.162741 3.32548
0.369108 3.73822
0.248232 3.49646
0.871473 4.74295
0.801441 4.60288
0.661106 4.32221
0.0817277 3.16346
0.471011 3.94202
0.260362 3.52072
0.197928 3.39586
0.883783 4.76757
0.910584 4.82117
0.00906921 3.01814
0.238503 3.47701
0.12624 3.25248
0.291726 3.58345
0.133811 3.26762
0.74341 4.48682
0.445504 3.89101
0.837598 4.6752
0.209478 3.41896
0.735973 4.47195
0.664621 4.32924
0.572187 4.14437
0.226819 3.45364
0.908412 4.81682
0.282385 3.56477
0.603174 4.20635
0.545772 4.09154
0.584041 4.16808
0.0668349 3.13367
0.0148452 3.02969
0.859971 4.71994
0.417094 3.83419
0.270748 3.5415
0.474609 3.94922
0.0178274 3.03565
0.35045 3.7009
0.0566272 3.11325
0.660989 4.32198
0.0433509 3.0867
0.499247 3.99849
0.119597 3.23919
0.00925171 3.0185
0.615342 4.23068
0.123239 3.24648
0.87054 4.74108
0.777205 4.55441
0.657941 4.31588
0.553673 4.10735
0.0839608 3.16792
0.164215 3.32843
0.499398 3.9988
0.340595 3.68119
0.235949 3.4719
0.702494 4.40499
0.845363 4.69073
0.964682 4.92936
0.420061 3.84012
0.760819 4.52164
0.252399 3.5048
0.973467 4.94693
0.0619755 3.12395
0.228607 3.45721
0.0904673 3.18093
0.51334 4.02668
0.319698 3.6394
0.296074 3.59215
0.522796 4.04559
0.721043 4.44209
0.245175 3.49035
0.704844 4.40969
0.230237 3.46047
0.160726 3.32145
0.139333 3.27867
0.109672 3.21934
0.12714 3.25428
0.274206 3.54841
0.0768829 3.15377
0.648508 4.29702
0.904744 4.80949
0.556082 4.11216
0.86961 4.73922
0.979198 4.9584
0.433187 3.86637
0.9025 4.805
0.93098 4.86196
0.546896 4.09379
0.352692 3.70538
0.179527 3.35905
0.41351 3.82702
0.410874 3.82175
0.663698 4.3274
0.318131 3.63626
0.480365 3.96073
0.740551 4.4811
0.644512 4.28902
0.333785 3.66757
0.0585807 3.11716
0.474739 3.94948
0.767587 4.53517
0.117 3.234
0.131785 3.26357
0.439676 3.87935
0.922922 4.84584
0.0169644 3.03393
0.857662 4.71532
0.598253 4.19651
0.724255 4.44851
0.725869 4.45174
0.330642 3.66128
0.918182 4.83636
0.262458 3.52492
0.213965 3.42793
0.139037 3.27807
0.115677 3.23135
0.607256 4.21451
0.268443 3.53689
0.0283535 3.05671
0.12618 3.25236
0.0754169 3.15083
0.987879 4.97576
0.352297 3.70459
0.483832 3.96766
0.37405 3.7481
0.345022 3.69004
0.301164 3.60233
0.211777 3.42355
0.102917 3.20583
0.114473 3.22895
0.0888992 3.1778
0.561015 4.12203
0.9656 4.9312
0.667347 4.33469
0.957367 4.91473
0.431515 3.86303
0.136077 3.27215
0.848182 4.69636
0.312238 3.62448
0.16622 3.33244
0.462459 3.92492
0.771765 4.54353
0.108978 3.21796
0.258458 3.51692
0.681529 4.36306
0.0573341 3.11467
0.782667 4.56533
0.766171 4.53234
0.394933 3.78987
0.747982 4.49596
0.613465 4.22693
0.868946 4.73789
0.482504 3.96501
0.940553 4.88111
0.742083 4.48417
0.88621 4.77242
0.625676 4.25135
0.569058 4.13812
0.15971 3.31942
0.300266 3.60053
0.62559 4.25118
0.204939 3.40988
0.794713 4.58943
0.852783 4.70557
0.0375788 3.07516
0.153671 3.30734
0.13544 3.27088
0.37345 3.7469
0.780774 4.56155
0.624827 4.24965
0.842035 4.68407
0.243803 3.48761
0.677088 4.35418
0.0105927 3.02119
0.950337 4.90067
0.700229 4.40046
0.563876 4.12775
0.666672 4.33334
0.385742 3.77148
0.0272368 3.05447
0.245636 3.49127
0.377143 3.75429
0.441723 3.88345
0.542039 4.08408
0.748928 4.49786
0.641679 4.28336
0.163632 3.32726
0.291096 3.58219
0.522082 4.04416
0.100795 3.20159
0.040342 3.08068
0.27993 3.55986
0.506237 4.01247
0.721302 4.4426
0.289404 3.57881
0.0481947 3.09639
0.116986 3.23397
0.969819 4.93964
0.98352 4.96704
0.315067 3.63013
0.242495 3.48499
0.583011 4.16602
0.273564 3.54713
0.542429 4.08486
0.768216 4.53643
0.548345 4.09669
0.381314 3.76263
0.523925 4.04785
0.362185 3.72437
0.0489415 3.09788
0.608366 4.21673
0.227045 3.45409
0.356751 3.7135
0.683809 4.36762
0.284628 3.56926
0.906986 4.81397
0.791604 4.58321
0.335518 3.67104
0.603336 4.20667
0.797604 4.59521
0.53745 4.0749
0.444077 3.88815
0.182524 3.36505
0.950542 4.90108
0.984245 4.96849
0.188945 3.37789
0.960474 4.92095
0.512476 4.02495
0.346713 3.69343
0.161114 3.32223
0.949994 4.89999
0.9935 4.987
0.47743 3.95486
0.524206 4.04841
0.0528721 3.10574
0.530808 4.06162
0.904852 4.8097
0.875332 4.75066
0.226625 3.45325
0.991871 4.98374
0.990612 4.98122
0.832018 4.66404
0.175601 3.3512
0.102636 3.20527
0.294043 3.58809
0.248466 3.49693
0.447552 3.8951
0.634275 4.26855
0.901851 4.8037
0.970626 4.94125
0.408611 3.81722
0.376123 3.75225
0.373624 3.74725
0.502777 4.00555
0.526329 4.05266
0.869446 4.73889
0.279438 3.55888
0.365857 3.73171
0.0240207 3.04804
0.0379428 3.07589
0.0945939 3.18919
0.345828 3.69166
0.904552 4.8091
0.238318 3.47664
0.0918819 3.18376
0.242877 3.48575
0.740139 4.48028
0.997935 4.99587
0.693991 4.38798
0.331819 3.66364
0.335722 3.67144
0.748561 4.49712
0.763654 4.52731
0.736904 4.47381
0.618921 4.23784
0.245586 3.49117
0.0138151 3.02763
0.399756 3.79951
0.799547 4.59909
0.352928 3.70586
0.206385 3.41277
0.339589 3.67918
0.707642 4.41528
0.540446 4.08089
0.899924 4.79985
0.274288 3.54858
0.645472 4.29094
0.476232 3.95246
0.131005 3.26201
0.370188 3.74038
0.156892 3.31378
0.174376 3.34875
0.244382 3.48876
0.631054 4.26211
0.185594 3.37119
0.0633222 3.12664
0.464414 3.92883
0.215107 3.43021
0.0401595 3.08032
0.191952 3.3839
0.512175 4.02435
0.399427 3.79885
0.197608 3.39522
0.511619 4.02324
0.441371 3.88274
0.679662 4.35932
0.491127 3.98225
0.305764 3.61153
0.563476 4.12695
0.045432 3.09086
0.572294 4.14459
0.405222 3.81044
0.981518 4.96304
0.344965 3.68993
0.265291 3.53058
0.617015 4.23403
0.641438 4.28288
0.158021 3.31604
0.989269 4.97854
0.303192 3.60638
0.819621 4.63924
0.81954 4.63908
0.243575 3.48715
0.35993 3.71986
0.266713 3.53343
0.251203 3.50241
0.164414 3.32883
0.793704 4.58741
0.285943 3.57189
0.17505 3.3501
0.623901 4.2478
0.453153 3.90631
0.651742 4.30348
0.759121 4.51824
0.20092 3.40184
0.0428741 3.08575
0.53366 4.06732
0.61759 4.23518
0.0657835 3.13157
0.358079 3.71616
0.156717 3.31343
0.986915 4.97383
0.287578 3.57516
0.50687 4.01374
0.758756 4.51751
0.0137088 3.02742
0.32728 3.65456
0.110567 3.22113
0.211772 3.42354
0.759746 4.51949
0.757458 4.51492
0.41506 3.83012
0.56285 4.1257
0.311254 3.62251
0.665432 4.33086
0.248931 3.49786
0.26282 3.52564
0.536326 4.07265
0.715343 4.43069
0.328139 3.65628
0.660051 4.3201
0.517923 4.03585
0.609159 4.21832
0.0191507 3.0383
0.994028 4.98806
0.930028 4.86006
0.419396 3.83879
0.758849 4.5177
0.767967 4.53593
0.407612 3.81522
0.557212 4.11442
0.353646 3.70729
0.537576 4.07515
0.956691 4.91338
0.202531 3.40506
0.685628 4.37126
0.348901 3.6978
0.819551 4.6391
0.130033 3.26007
0.230359 3.46072
0.951066 4.90213
0.333958 3.66792
0.226769 3.45354
0.191382 3.38276
0.0586827 3.11737
0.409169 3.81834
0.473346 3.94669
0.939447 4.87889
0.58778 4.17556
0.497382 3.99476
0.426264 3.85253
0.840505 4.68101
0.735403 4.47081
0.958072 4.91614
0.00175292 3.00351
0.406723 3.81345
0.0760278 3.15206
0.29583 3.59166
0.775786 4.55157
0.532699 4.0654
0.667433 4.33487
0.449855 3.89971
0.635613 4.27123
0.945538 4.89108
0.770282 4.54056
0.775827 4.55165
0.248095 3.49619
0.890532 4.78106
0.665965 4.33193
0.165678 3.33136
0.00778471 3.01557
0.0941633 3.18833
0.383579 3.76716
0.99459 4.98918
0.291028 3.58206
0.707977 4.41595
0.690197 4.38039
0.0499873 3.09997
0.560857 4.12171
0.562256 4.12451
0.70239 4.40478
0.480253 3.96051
0.572723 4.14545
0.0017347 3.00347
0.875879 4.75176
0.548644 4.09729
0.13678 3.27356
0.511816 4.02363
0.96549 4.93098
0.39869 3.79738
0.146344 3.29269
0.233108 3.46622
0.240956 3.48191
0.2654 3.5308
0.885201 4.7704
0.22202 3.44404
0.541494 4.08299
0.171145 3.34229
0.642541 4.28508
0.976562 4.95312
0.824254 4.64851
0.575019 4.15004
0.585885 4.17177
0.0656592 3.13132
0.599909 4.19982
0.656503 4.31301
0.584903 4.16981
0.449837 3.89967
0.954494 4.90899
0.260157 3.52031
0.449254 3.89851
0.531299 4.0626
0.261396 3.52279
0.155311 3.31062
0.742289 4.48458
0.319176 3.63835
0.60558 4.21116
0.352655 3.70531
0.357635 3.71527
0.91505 4.8301
0.708923 4.41785
0.367599 3.7352
0.0367441 3.07349
0.688824 4.37765
0.873625 4.74725
0.56622 4.13244
0.536453 4.07291
0.132888 3.26578
0.59143 4.18286
0.426414 3.85283
0.320796 3.64159
0.835699 4.6714
0.684224 4.36845
0.563834 4.12767
0.179393 3.35879
0.830909 4.66182
0.662466 4.32493
0.804668 4.60934
0.330149 3.6603
0.385103 3.77021
0.557912 4.11582
0.196763 3.39353
0.677289 4.35458
0.505871 4.01174
0.0877037 3.17541
0.268033 3.53607
0.665031 4.33006
0.313072 3.62614
0.660609 4.32122
0.563884 4.12777
0.384851 3.7697
0.744189 4.48838
0.991377 4.98275
0.433164 3.86633
0.212435 3.42487
0.0673166 3.13463
0.950054 4.90011
0.0335129 3.06703
0.0781653 3.15633
0.306808 3.61362
0.336866 3.67373
0.698621 4.39724
0.948126 4.89625
0.531306 4.06261
0.809351 4.6187
0.827802 4.6556
0.710382 4.42076
0.751878 4.50376
0.363089 3.72618
0.309544 3.61909
0.873042 4.74608
0.806304 4.61261
0.979615 4.95923
0.249649 3.4993
0.229336 3.45867
0.644781 4.28956
0.192968 3.38594
0.190644 3.38129
0.263256 3.52651
0.0318136 3.06363
0.816907 4.63381
0.17672 3.35344
0.267205 3.53441
0.858442 4.71688
0.758896 4.51779
0.663363 4.32673
0.0617358 3.12347
0.938839 4.87768
0.955777 4.91155
0.352558 3.70512
0.209604 3.41921
0.975646 4.95129
0.613579 4.22716
0.263459 3.52692
0.4419 3.8838
0.912611 4.82522
0.429652 3.8593
0.837016 4.67403
0.341099 3.6822
0.862222 4.72444
0.148381 3.29676
0.661942 4.32388
0.179525 3.35905
0.0652803 3.13056
0.723037 4.44607
0.160099 3.3202
0.869818 4.73964
0.235619 3.47124
0.0467932 3.09359
0.244378 3.48876
0.596593 4.19319
0.453862 3.90772
0.73486 4.46972
0.885077 4.77015
0.0363387 3.07268
0.596216 4.19243
0.910452 4.8209
0.0214547 3.04291
0.911818 4.82364
0.279854 3.55971
0.717222 4.43444
0.609698 4.2194
0.547265 4.09453
0.0280714 3.05614
0.144115 3.28823
0.100687 3.20137
0.59191 4.18382
0.055119 3.11024
0.94776 4.89552
0.0402331 3.08047
0.356158 3.71232
0.306283 3.61257
0.20813 3.41626
0.169694 3.33939
0.880363 4.76073
0.0207627 3.04153
0.826132 4.65226
0.739574 4.47915
0.876977 4.75395
0.849031 4.69806
0.77951 4.55902
0.0752734 3.15055
0.636868 4.27374
0.928048 4.8561
0.768541 4.53708
0.0101357 3.02027
0.602058 4.20412
0.879039 4.75808
0.734708 4.46942
0.490263 3.98053
0.982684 4.96537
0.644697 4.28939
0.572058 4.14412
0.592333 4.18467
0.52018 4.04036
0.84258 4.68516
0.791765 4.58353
0.420559 3.84112
0.946869 4.89374
0.31008 3.62016
0.584448 4.1689
0.755677 4.51135
0.338521 3.67704
0.98432 4.96864
0.46667 3.93334
0.981172 4.96234
0.23358 3.46716
0.385241 3.77048
0.632818 4.26564
0.582117 4.16423
0.169962 3.33992
0.117994 3.23599
0.880331 4.76066
0.291534 3.58307
0.373132 3.74626
0.983973 4.96795
0.941769 4.88354
0.674932 4.34986
0.721327 4.44265
0.0305215 3.06104
0.667644 4.33529
0.377437 3.75487
0.606345 4.21269
0.428527 3.85705
0.380458 3.76092
0.631305 4.26261
0.673089 4.34618
0.992808 4.98562
0.226538 3.45308
0.0378972 3.07579
0.169545 3.33909
0.00196202 3.00392
0.360263 3.72053
0.20801 3.41602
0.279693 3.55939
0.156844 3.31369
0.832899 4.6658
0.25775 3.5155
0.698006 4.39601
0.138117 3.27623
0.482043 3.96409
0.969932 4.93986
0.233773 3.46755
0.286597 3.57319
0.153391 3.30678
0.389638 3.77928
0.0923959 3.18479
0.776531 4.55306
0.101177 3.20235
0.428813 3.85763
0.673737 4.34747
0.620949 4.2419
0.195217 3.39043
0.18041 3.36082
0.907627 4.81525
0.120128 3.24026
0.549593 4.09919
0.766402 4.5328
0.909134 4.81827
0.768064 4.53613
0.066464 3.13293
0.822817 4.64563
0.854234 4.70847
0.89007 4.78014
0.803511 4.60702
0.913077 4.82615
0.344784 3.68957
0.549723 4.09945
0.34018 3.68036
0.219645 3.43929
0.144372 3.28874
0.163955 3.32791
0.796118 4.59224
0.782361 4.56472
0.315552 3.6311
0.625486 4.25097
0.266733 3.53347
0.17608 3.35216
0.242841 3.48568
0.521876 4.04375
0.740183 4.48037
0.815338 4.63068
0.169872 3.33974
0.204035 3.40807
0.326098 3.6522
0.311078 3.62216
0.21535 3.4307
0.0769706 3.15394
0.580687 4.16137
0.299208 3.59842
0.616796 4.23359
0.621195 4.24239
0.725056 4.45011
0.257413 3.51483
0.0289389 3.05788
0.665153 4.33031
0.218229 3.43646
0.220973 3.44195
0.694147 4.38829
0.290367 3.58073
0.253626 3.50725
0.679554 4.35911
0.799594 4.59919
0.127827 3.25565
0.724682 4.44936
0.780631 4.56126
0.824976 4.64995
0.275342 3.55068
0.118098 3.2362
0.626372 4.25274
0.514613 4.02923
0.950689 4.90138
0.292423 3.58485
0.401914 3.80383
0.360909 3.72182
0.423789 3.84758
0.332473 3.66495
0.148189 3.29638
0.311813 3.62363
0.025989 3.05198
0.239106 3.47821
0.353297 3.70659
0.423248 3.8465
0.292644 3.58529
0.89054 4.78108
0.709808 4.41962
0.879627 4.75925
0.038861 3.07772
0.122993 3.24599
0.057173 3.11435
0.931598 4.8632
0.652773 4.30555
0.691334 4.38267
0.256442 3.51288
0.666725 4.33345
0.704314 4.40863
0.370932 3.74186
0.235802 3.4716
0.325839 3.65168
0.681337 4.36267
0.457326 3.91465
0.397998 3.796
0.232498 3.465
0.0778038 3.15561
0.604274 4.20855
0.124033 3.24807
0.82982 4.65964
0.0935911 3.18718
0.921869 4.84374
0.573416 4.14683
0.634118 4.26824
0.197376 3.39475
0.239574 3.47915
0.434732 3.86946
0.659911 4.31982
0.191874 3.38375
0.932904 4.86581
0.658087 4.31617
0.527833 4.05567
0.379278 3.75856
0.774468 4.54894
0.38301 3.76602
0.112174 3.22435
0.0872813 3.17456
0.139447 3.27889
0.774963 4.54993
0.85515 4.7103
0.157742 3.31548
0.983852 4.9677
0.777864 4.55573
0.853359 4.70672
0.196381 3.39276
0.888772 4.77754
0.178942 3.35788
0.355179 3.71036
0.499867 3.99973
0.112586 3.22517
0.39649 3.79298
0.290657 3.58131
0.541854 4.08371
0.17114 3.34228
0.357623 3.71525
0.377665 3.75533
0.601598 4.2032
0.0792003 3.1584
0.0259572 3.05191
0.713128 4.42626
0.559453 4.11891
0.486789 3.97358
0.481039 3.96208
0.01652 3.03304
0.438743 3.87749
0.796522 4.59304
0.810607 4.62121
0.741013 4.48203
0.682442 4.36488
0.220127 3.44025
0.573253 4.14651
0.38709 3.77418
0.927166 4.85433
0.71277 4.42554
0.757693 4.51539
0.0713624 3.14272
0.235371 3.47074
0.660926 4.32185
0.268628 3.53726
0.0892189 3.17844
0.126308 3.25262
0.441669 3.88334
0.111362 3.22272
0.786474 4.57295
0.552586 4.10517
0.189611 3.37922
0.00374861 3.0075
0.721104 4.44221
0.92165 4.8433
0.0670651 3.13413
0.555101 4.1102
0.61387 4.22774
0.32882 3.65764
0.537435 4.07487
0.965659 4.93132
0.0891459 3.17829
0.722704 4.44541
0.921389 4.84278
0.163574 3.32715
0.931556 4.86311
0.524083 4.04817
0.825171 4.65034
0.34052 3.68104
0.328821 3.65764
0.519351 4.0387
0.416418 3.83284
0.954962 4.90992
0.934804 4.86961
0.26887 3.53774
0.191972 3.38394
0.483729 3.96746
0.245672 3.49134
0.0548718 3.10974
0.180478 3.36096
0.386871 3.77374
0.333155 3.66631
0.267813 3.53563
0.96159 4.92318
0.788276 4.57655
0.597835 4.19567
0.57354 4.14708
0.717362 4.43472
0.0406977 3.0814
0.706477 4.41295
0.887864 4.77573
0.805386 4.61077
0.561879 4.12376
0.443233 3.88647
0.0638314 3.12766
0.140592 3.28118
0.302998 3.606
0.886645 4.77329
0.425953 3.85191
0.645278 4.29056
0.310102 3.6202
0.608348 4.2167
0.135133 3.27027
0.488327 3.97665
0.0410847 3.08217
0.643794 4.28759
0.069904 3.13981
0.730894 4.46179
0.231988 3.46398
0.883533 4.76707
0.211731 3.42346
0.68352 4.36704
0.401813 3.80363
0.883686 4.76737
0.737423 4.47485
0.16733 3.33466
0.426802 3.8536
0.775996 4.55199
0.538531 4.07706
0.945374 4.89075
0.343925 3.68785
0.0942283 3.18846
0.635072 4.27014
0.772896 4.54579
0.759951 4.5199
0.170581 3.34116
0.967835 4.93567
0.106137 3.21227
0.98496 4.96992
0.359977 3.71995
0.825612 4.65122
0.254449 3.5089
0.542688 4.08538
0.379845 3.75969
0.168927 3.33785
0.0155551 3.03111
0.756018 4.51204
0.903894 4.80779
0.752322 4.50464
0.543956 4.08791
0.289835 3.57967
0.694925 4.38985
0.77785 4.5557
0.0215744 3.04315
0.577251 4.1545
0.432642 3.86528
0.899158 4.79832
0.923141 4.84628
0.882631 4.76526
0.318291 3.63658
0.89014 4.78028
0.223055 3.44611
0.0343 3.0686
0.157692 3.31538
0.420672 3.84134
0.334385 3.66877
0.0376268 3.07525
0.91451 4.82902
0.840822 4.68164
0.481275 3.96255
0.157683 3.31537
